- ccvnl -

Sino SINE DESTINATIONE.

mmmm 1111111111 mcum mmmm 991 Mai. 19 (16, 5, 30)

sine destinatione traditae: 313 01131 (16,3, 1)
314 Mart. 96 (3, 30, 1)

1111116311)
319 111111 (1111111111)
1111111ρι.11(1,1,1 -1,11,1) - 1111310111)

635 Mart& (19, 9, 1)

396 Dee. 31 (10,1,5)

339 61111699 (13,1, 16)

331 Iul.l (8, 1, 3) -051,6(4,19,4)

331 19166 (11, 1, 4)

336 Oct. 36 (13,1,35)

356 Febr. 19 (16, 10, 6)

359 1111114 (13,1,41)

369 Mart. 38 (11,19,9) - Apr. 30 (11,13,9) -
Iun. 11 (13, 3, 5)

363 11111191 (13156)

364 ,411199 (1, 1, 5) - 0566 (9, 19, 9)

360 Febr. 31 (16, 9, 95)

369 Mai. 15 (1,13,11)

3641111131 (11,1,19 - 11,9,4 - 11, 15, 3) -
Sept„ 11 (6, 3, 4)

385 111111 (11113143)

366 Mart„ 30 (9,1,16)

394 .... (11111193)

396 111183 (9,1,16)

391 11111. 36 (6, 4, 33)

396 Mart. 35 (1, 4, 94)

401 Ian. 95 (6, 96, 13)

415 Aug. 30 (16, 10, 30)

419 Nov. 91 (8111113)

433 41196 (9, 6, 4)

495 Febr. 91 (14, 9, 3)

435 Dec. 30 (1, 1, 6)

 

