- oxon( -

999 11319999) - &pm (9, 919 asoa. 91) -
09185 (08.9 dion. 999.)
999 09194 (1999)

886 Aug& (18,11,8)
890 Auge (9, 7, 6)
898(11,1,85)

9991191 (9, 999 - 999199)
199 Iun. 9 (99, 9, 99)

9991191119.

oms 19919199 Ι9199119991191 888 mun (8,1,18)

mamm: 91911199 865 11188 (10. 80, 8)
91191 891 Apr. 18 (1191 8, 1, 7)
911999 888 1196 (18191)
nomm 419 Mai. 18 (819115)

mmm 999999119999999)
mum maganum)
mem 99991991911999)
mmm 9999199199)
ιω mmmmm

119111911991119911- 9191999919919999 888119181(11,16,8)
salarie 9999199 88511118 (w)

11119119 9919119919 99999919999 881111.1(1,18,1)
19991199 857 19180 (18,10,8)

mnu: 9919119119 19991999 896 Dec. 18 (1914)

9119119119 9919119919 91991199 9919991199 888 119911 (1,8,6)
999199199 864 0915 (9, 80,8 - 15,15,1)

³⁶⁶ Mut- 24 (85980
mmmm 870 Mam (18, 1, 11)
99199199 899 1111 84 (14, 7, 1)

99999919 prauos 991999 (919 8,11,1) 99191 81909184 (1,16,8- 8,6,8)
880 11188 (8,11,1 m.)

886 11188 (15,1,4 nom.)
9199991 18919109911131911

99919911 91 mm: 999- 91191199 9991111999 818 (818]099.81)80(11,89,1 - 11,80,1)
’ rector 9991999 (999 7, 88, 1. 9151119 (1,16,1)
16,Ι 8, 8) 9911911999 819 Febr. 16 (1881 mm.) - 09181
· (0119119119 ’1881) (16, 8, 8)

99991199 9119919999 81619180(9,19,1-18,1,9)

11111999 86411111 (84189999) - 891119
99π9919919999118,8,1; (1,18,9 mm. ’- 1816999999 -
prtem 19 oola 1191 8,8,1)-899185(199110,86,8)-
10,86,8; Salerni data 991189 (8, 5, 81 m) - 0918
1. 9. (9, 407 nom.)

9919919199 865 1191188 (8, 8, 88)

mm: consularis mm (9191919 999 91999, 9, 9) - [19999 (consult. ’
11999, 191 mae.) 9,4))-0916(15,9,11)-1)91.19
9999999199 810 (1199954118, 1,(1)

 

