- chxnl -

990 *16631(9,9,1-4,19,9-8,16,1-11,7,3
- lust 6, 9, 9 - 119162615- lust. 6, 37, 91)

391 1613 (16, 9, 4)

396 Mart 16 (9, 16,1 - 9, 30, 3) - Apul (9,94, 1)

· - 16199 (9,9,1) - lun. 14 (1661. 6,96, 1) -
Dec. 91 (3, 17,9)

399 366694 (16161193)

333 Sept. 97 (13, 9, 3)

334 Aug. 11 (lust.6,21,15)

349 Dee. 4 (9, 7, 3)

366 Oc& 31 (9, 34, 6)

366 131698 (9, 49, 9) - 3669 (11, 16, 7)

967 Ian. 96 (9, 16, 4) - *lum 13 (3, 17, 4) - *Dea 4

369 Fabul (9,99, 1)

363 Febr. 19 (9, 17, 6)

366 061. 1 (7,4,13)

369 Aug.l (14, 17, 6)

381 ‘Dea 96 (11,1, 18) ’

383 146366 (19, 10, 8)

3979407 (luuh 11,48, 11)

396 Apr. 96 (7, 18, 9)

397 Apu? (14,10,9 - 14,11,1 - 14,14,1 ι
16,19,3)

416 Febr. 17 (3, 1, 9)

novnwum ιτ nooonmn 396 Iun. 16 (8, 8, 6)

(vnvm) mmmm 916 1669 (9,90,1)
provi'neinlibus salutem dicunt 8,11,9 319 Mai. 30 (10, 1, 3)
edictum 7, 13, 8. 9, 97, 6. 10, 10, 13 396 Febr. 19 (16, 14, 9) - Sept. 17 (9, 1, 4)
33116193 (lusu 3, 19, 9) - Aug. 1 (9,96,3 -
3,90,4-4,6,1-11,90,16-11,30,17-
11,94,1- *luch 3, 13, 4) - Nov.1(1‚16,6—
339 Oet. 30 (6, 17,1)
336 Μυῒ. 99 (10, 10, 3)
340 116519 (7,9,1)
369 Nov. 3 (16, 14, 6)
364 Nov. 17 (7, 90, 8)
366 Iam 11 (8,11,9)
³8⁰ lm. 99 (7, 13, 8) - Aug. 31 (10, 10, 13)
389 Mai. 10 (19, 19, 9)
386 Iun. 99 (9, 97, 6)
991 Iul.l (9, 14, 9)
406 Apr. 17 (7,19,16 - 7,18, 17)

ooxcmn novumn nuncu 11,30, 16 316 Hui. 10 (8, 4, 9)
“ -19,6,9 390 966690 (19, 1, 7)
novmcum mu (umen) 10. 10, 10 397 Mai. 18 (11, 7, 4)

- 13, 6, 94 - 13,6,6 39916199 (11,80, 16)
mmmm nomem rnooonsm· 397 113161 (19,6,9)

ns 7,4,96 - 8,6,63 -11,1,99 338 Iun. 18 (9,34,6)
mu 8,4,9 - 9,34,6 ·- 11,7,4 366 96664 (10, 10, 10)

379 Apu? (13, 6, 6)

moun ιτ mmmm nucu 396 116696 (13, 6, 94)

3,40,91 4011116631(7,4,96-8,6,63-11,1,99)

 

