..cmm-

895 4998 (5, 14, 85)

885 Nor. 88 (8,80,18)

8851407 .... (19919191)

898 11111718 (8,80, 14 ·- 7, 8, 4)

898 1119 84 (1, 11, 8 - 11, 18, 4) - 099 87 (10, 8, 8)
888 (8,80,15)

889 119988 (8,80,17)

400 Aug. 88 (1, 10, 5)

401 Febr. 88 (8, 8, 88)

191 991991 (1, 191)
...99991919

199 apr. 9ο (91919)
199 lm 91 (199919)
191 lm 11 (19191)
199 9999 (19, 9, 99)

999)119....(1991,91,19)

418 Febr. 89 (8, 4, 84) - Apr. 18 (1999198811)

41411910 (7,8,11 - 1999 8,18,8 - 1999 11, 89,
18 m)

....... (1999194915 non.)

418 Nor. 9 (8, 89, 10 nom.)
414 41199 (11, 88, 9)

119 nm. 99 (9, 99, 91)
119 1991 (9, 99, 99)

488 Apr. 89 (8, 80, 88)
488 89518 (11,88,14)

191 1111.16(10,81,8)-191.11(10,19,15) - 99919
(199911) - 9999 (19999)

199 199 91 (199919)
(999999 - 1199199919)

199191 ·. . .. (1999199919)
199 9999.99(199919)-111.1 (9999)- 99999

(8, 88, 18)
....... (luet 11& 14)

191 um„ 99 (199919)
199 119 9ο (19999)
999 uma (199919)

ΟΟΠῙΤΕΒ RERVM PRIVATARVM. Ι Comites Ι
c„ 191991 prium-um ponor. 10,1,8 9. roi (91191119 ”mm
pmcn 1,11, 1. 10, 8, 8, plerumque 91. p. primarum

919 1999 (19199)

999 19919 (19191)
919199.9(9,1,1(ρ-19]-11,7.6[199)

 

