- CLXXVII -

16, 5, 57. 16, 5, 58. 16, 8, 22. 16, (6,23,1 - 16, 5, 57) - Nov. 6 (16, 5, 58) - Dee.3
111111'12211118112 7, 7,4 416 1111240617, 9, 4) - 11667 (16, 10, 21)

1161111166 *408 161117 (6, 30, 19)
*412 Dee. 27 (Ius1.1,40‚ 12)
*414 Nov. 30 (13,3‚ 16)
, 416 Aug. 26 (121182) - Aug. 27 (16611462)-
Aug. 30 (9, 40, 23) - 8661, 9 (11,28,11) -
866129 (16, 2, 42) - 0615 (12,12,15) - 116611
(6, 25, 1) - Nov. 17 (6, 24, 8) - Dec. 18 (6, 24, 9)
417 14611. 14 (8, 12, 9) - 161. 10 (16,9,4) - 16128
(7,11,2) - 8661. 27 (15, 11, 2)
418 robur (16, 2, 43) - 161. 17 (121, 183) - Aug. 21
(13,1,21)
419 146118 (11, 30, 66) - 8661. 24 (9, 40, 24)
420 11615 (1116181010)

6661116166 420 8661. 18 (7, 16, 3)
422 116113 (7, 8,13) - 11611. 23 (1,34,2-2,10,6)
- Iun. 19 (8, 4, 27)
.... (1661. 12, 46, 4)

16616616116166 423 Febr. 15 (7,4,35 - 15, 3, 6 - 16, 8, 25) - 146117
add. consul ordinarius 7, 15,2 (7, 15, 2) - 11611. 9 (7, 6, 5) - 14611. 30 (4, 1112
- 11,30, 67 - 11, 319) - 4669 (16, 5, 59 -
16,8,26 - 16,9,5 - 16, 10, 22) - 161. 15
(12,],184) - Mai. 18 (6,35,14 - 8,4, 28) -
1461. 31 (134, 3) - 16118 (16, 5, 60 - 16, 8, 27 -
16, 10, 23 - 16, 10, 24) - 1668 (16,5,61) -

,4669 (12, 11,2)
424 Febr. 14 (2,19,7 - 4, 4, 7) - Mai. 13 (11, 20, 5)

- Nov.14 (2,12,7 - 4,14,1)
425 Febr. 1 (15, 5, 5)

mm 1611115 (161, 1)

murs 425 Ι611.23(9,41,1)-8661.22(6,10,4-6,22,8)-
Orientis 6, 10, 4 Nor. 17 (6, 30, 24)
426 1611. 23 (3, 42, 24) - 16111 (121216) - 161122
(8, 7, 21) - Dec. 23 (6, 27, 21)
427 Mart. 16 (6,24,10)
428 165120 (2, 3,1 - 3, 5, 13 - 3, 7,3 - 3, 13,4 -
4,6,8 - 5,1,0 - 1661. 6,61,2) - 11611, 28
(9, 45, 5) - 16121 (1661. 8, 53, 29)

427 111121 (lust. 1, 8, 1)

428 461. 21 (15, 8, 2) - 116136 (16, 5, 65) -16119
(12,4,1 - 1661.10,34,2 - lust. 10‚35, 1) -
16110 (8, 4, 29)

429 Mart. 11 (1661. 6, 62, 4) - Μ611.27 (lust. l, 19, 8)

(4391) ... . (lust. 122314)

moeurs 427 Oet. 14 (1661. 1, 50, 2)
aad. r's'nawc 9, 45,4 430 Dec. 31 (11, 20, 6)
mandata missa per referendarium 431 11611. 23 (9, 45, 4)

1661. 1,50,2

 

