..mvn-

MAGISTRI OFFICIORVM. Q
mmuvs 868 14331. 83 (11, 89, 6) officiorum

mom (033) 3687 3709 3791 11316 (668)
mom 379 Aug. 86 (1,16, 10 3333.) - 031.1(7,18,8)

nonve (03.) ³80 Iun. 16 (6868 - 8,16,6 [6ῑοῦ
981 13638 (6, 89, 6)

mmm (οι.) 331 333. 3ο (36363)
333 Mart. 11 (3, 33, 4)
333 333313 (663)

mma (033.) 886 113369 (1,9, 8)
emma (Or.) 888 (886] 83313 (8, 6, 49)
3333333 (033.) 890 113318 (10, 88, 8)

mom (03.) 898 03687 (7, 8, 4)
894 Apr. 89 (61, 14)

3333333333 (03.) 896 1111... (6, 89, 8) - 1733. 84 (16, 6, 89)

nomn (03.) ’896 113187 (6, 867)
896 Im 18 (6866 - 6868 - 6869)
333 33333 (1, 3, 3) - 1100. 15 (10‚12,1)
3333333333 (033.) 397 1316 (68611)
399 1133616 (68611)

amma (03.) 404 lang (16, 4, 4) - 133180 (68614) — 13180
(10, ,6)

3333333333 (03.) 400 (406] 13388 (7, 8, 8)
40613183 (1,9,3-634,1)

mma 408Nov.14(16,5,42)

33333 (033) 410 Febr. 18 (9, 88, 11)
eomes 36 m. 0.

33333333 (033.) 418 Deest? (68616)

nuo (Or.) 414 Nov. 80 (13, 8, 17)
3. i. 68617 416 031. 16 (1,8,1) - 173311 (68617)
patricius 6, 87, 80. 6614 416 lan. 80 (6, 87, 18) - Febr. 6 (68617) - Nov. 4
eomes et m. 3. 6, 861 (6361)
417 Nov. 87 (6, 87, 19)
484 Apr. 89 (669)
486 113388 (6, 8680)
487 Im 88 (6614) - Aug. 19 (18, 8, 18)

tomus (03.) 480 Febr. 88 (7, 8, 16)
eomes ot m. ο.

nm (οι.) 333 13313 (6, 11, 33)

mmm (03.) 486 133189 (6868) - 1133118 (6616)
excom. 338 68, 16

3313333333 (31333 313133). Ἦ
mm 362Mart.23(11,39,5) 3331313

33747333 313 00115 (18, 1)
v.1 33633 1111 Fam (3, 33, 11)

3333333333 484 Apr. 86 (1, 8, 8)
mi. 333333 et q.

 

