- CLXXXIV —

unm 420 8111327 (5, 1, 6)

(1111111111 421 (Maassen 0111111310 Haenel eorpus
leg· p. 2401]

11111111 425 111117 (16, 5, 62)
Auum 426 Iam 30 (5, 1, 7)

Praefecti PRAEFECTI VRBIS CONSTANTINOPOLITANAE.

¹¹¹b5⁸ 10v1(n)vs 364 11111627 (14,17, 1) - Apr· ll (3, ¹5, 3)

(3111111610-
politanae cmncnvs *364 .... (11161215)
p. 11. const. 14,13,1 3707 3737 Aug. 4 (14,13, 1)
37211118 (6,4,20 - 14, 9,2 - 14, 17, 7)

vmmomvs nunvs 376 Mai. 28 (1,28, 3)
1111111111 380 1111124 (6,7,2 - 6, 9, 2) - lul. 14 (14, 17, 8)

1111111111 *379 Aug.10 (12, 13, 4)
381 111130 (9, 17, 6)
382 Ι11.11.12(14,10,1) - Apr.4 (2, 12, 3 - lust. 8, 4, 6)
*389 (15, 2,4)

cmncnvs 382 1111122 (15, 2, 3)
383 11111129 (6,5,1)
384 1111318116. (6, 2, 14)

,1111111111 386 1111130 (14,12, 1) - 1111129 (3, 4, 1)
(11161431)

Pnocnvs 3891111123 (4, 4, 2) - 111126 (14,17,9 - 15,1,25)
p. u. Const. 14,17,9 - 15, 1, 25 - 11111127 (3, 17, 3)
390 170126 (6, 27, 6)
391 1111116 (11,38, 1)
392 Apr. 17 (2, 8, 20) - 1111125 (14, 17, 10)

1111111111 393 Febr. 27 (1,1,3 -— 1,28, 4 - 6, 3,1 - 6, 4, 26 -
12,],130-12,1,131[ρ“ρῖο]-12,1,132[Ῑ1ῇ1]-
15,1,29 - 15,1,30) - Αρ1.26 (14,17,11) -
111125 (1111115332) - Aug. 31 (6,2,15) -
110120 (14, 17, 12) - Dee. 8 (12,1,138 (Μ)

11111οω111 395 Mai. 21 (6,28, 5)

1111111113 395 Mai. 29 (15, 2, 6)
396 1111129 (11,33, 1) -111130 (14,17, 13) - Aug.3
(12,1,162) - Aug. 12 (6, 3, 3)
397 Sept. 26 (4, 4, 4)

1111111111 396 Febr. 15 (6, 26, 8) -— 111525 (15,13, 1)
396 1111029 (6, 4, 29)
1011111113 398 Febr. l (7,1,17)

8111311111 (Severinus 6, 12, 1) 398 1111128 (8,1,14) - Oct. 11 (15, 1, 39)
399 811121 (6,12,1)
(6,4,33)

1111111111 396 [402] Mart-,3 (16, 5, 30)
399 Mai. 8 (13,1,16)
401 Sept. 12 (6,26,12)

111 1111111 (111111)

 

