- CLXXIX -

1141141111 409 [418] 11117 (12,1, 171)
Galliarum 18,1,171

4141111 485 11119 (811116)
Galliarum 8141116

PRAEFECTI PRAETORIO ILLYRICI.

mmuvs 346 Mai. 23 (12, l, 38)
*319 Apr. 1 (12,1‚39)

mvnvs (v. p. CLXVIII) 365 811130 (11,11,1)

nomm 3801111115 (9,87,1) - Febr.2 (8, 8,3) - 11111117
sortasse Illyrici (12, 1, 81 -· 12‚1,82) - 111186 (7, 13, 9) -
11189 (7,18,3) - 11111.17(3,11,1)- 811118
(7,88, 11 nom - 1114118417 nom.)
381 1111116 (7, 18, 5)
390 111118 (10, 18, 3) - Mai. 28 (6, 89, 7)
. (*1,6,10 - 1111118,47,8 nom.)

1114111111 388 Aug. 13 (4, 17, 8) - 110185 (12, 1, 93) - 114117
Illyrici 1111118519 (4,17,3)
386 111130 (11111 11, 68, 8)
3951408 . ... (quw 18, 57, 9)

41011411110111101111111) 3981111115 (13, 5, 81) - 111118 (18,18,18) -
per Illyricum 18,18,18 Sept. 10 (12, 18, 13)

Illyrici 1111111111 11, 30, 51 393 111119 (11,30, 51)
lllyrici 11 Africae 13, 5, 81

4114101114 397 1111117 (16, 8, 18) - 11119 (11, 14, 3)
add. lllyrici omnes 398 111157 (4, 18, 7)
399 110118 (6, 88, 6)

mcvuvs 408 (4181] 411111 (11,17,4 = 15, 1, 49)
lllyrici 11,22,5. 18,1,178. 15,1,49 410 Mai. 26 [1111184] (11,88,5 - 18,1, 178)

41011111 418 111117 (7, 4, 38)
lllyrici 7, 4, 38. 12,1,132 413 Apr. 16 (18,1, 177)

mmm 415 011 81 (6, 83, 1)
lllyrici 6, 83, 1

mmm 414 [411] 1113.ss (1111111)
11εὲ {gyricum 11141, lllyrici 11, 441 111. 14 (111141)
1

momvs 4888 . . .. (lust. 12, 46, 4)
Illyrici 11111. 18,46,4

1111101111 484 Apr.22 (15, 5, 4) - 00110 (11,1,83
lllyrici 11, 1, 33. 15,5,4

11111111 435 1111189 (6, 88, 8)
lllyrici 6, 88,8

mvm 436 1111301490 - 18,1,187)
Illyrici 8, 4,30

 

