- CLXXIII -

11,23,2 sm.. — 12,1,50 - 13,1,4) - 33329
(12,13,1 sam..) —- Iul. 28 (1, 16, 8) - Aug. l
(7, 4, 8) - Aug. 18 (6, 24, 1) - Sept. 3 (2, 5, 2) -
Sept. 18 (12, 1, 53 sm.) — Sept. 25 (6,26,1) -

1133. 6 (4, 12, 5)

363 Febr. 4 (2, 12, 1) - Febr. 10 (11, 3, 3) - Febr. 28 .
(6, 27, 2)

364 11311319 (9, 25, 2) - Apr. 17 (13, 1,5) - Sepho
(9, 16, 7) - Sept. 27 (7, 4, 9) - *1133 8 (2, 12, 2)

365 1133319 (11,16,11) - 131, 4 (12, 6, 5) - Iul. 30
(12, 6, 8) - 11331 (7,4, 14)

*366 Apr.4 (4, 12, 6)

(lust. 11,70,2)

333 33331 (13131) - Nov. 18 (z, 3, 3) - nee. 13
333 1121ῗὲ’,44333 - Dec. 33 (3, (3)

33333 .. .. (ιο, 33, ι)

370 [333] Nov. 12 (11313)

(5,15,21)

*306 11331 (11,1, 14)

370 Iun. 10 (11,36,17) - Aug.l (11, 30, 65) -
Sept. 18 (7, 13, 6) - 031. 17 (16,2,19)

3701 3733 1331 (12, 1, 63) - 113312 (9, 16, 8)

37113316 (13, 10, 7) - Febr. 11 (13, 5, 14) -
IIart.1 (12, 1, 74) - 3337 (11,21,1) - 13113
(12, 1, 76)

372 3534 (11,4, 1) - 1335 (13, 9, 1) - Iun. 27
(10,20,6 nom.)

373 (370] 11338 (11,·31, 6)

375 1332 (7, 13, 7) - 1133. 3 (12, 1, 79)

377 Apr. 4 (7,4,17) - Aug. 9 (7, 6, 3) - SepI. 20
(1331. 8, 10, 8) - Now) (Iust. 11, 62, 5)

....(1331.10,32,30)

380 133.7(1331.1,54, 4) - 13317 (3,5,11 - 3, 6,1 -
4,19,1-6,10,1-9,27,2-9,42,8-9,42,9)
- 1311 (1331323161 - 13127 (12, 12, 7) -
Aug. 17 (15, 1, 21) - 113316 (10, 10, 15) -
1133. 18 (Iust. 6, 56, 4, cs. 1331. 5, 9, 1) - 1133. 30
323-330

381 lan. 10 (16, 5, 6) - Febr.3 (6,35,11) - 14312
(16,7,1)- Mai. 8 (10, 5, 7) - 313133 (3, 8, 1) —
Iun.3 (2,9, 2) - Iun.4 (13,11,1) - 131. 21
(12,1,85 - 12, 1, 86) - Sept. 5 (7,13,10) -
Sept. 28 (13353412)

’385 Iul. 17 (lust. 9, 29, 3)

(3,5,10-81333.7)

’360 133. 17 (8, 15, 6)

381 13130 (12, 1,87) - 1133. 13 (6, 10,3 - 6, 22, 6) -
1133. 21 (16, 10, 7)

382 Febr. 22 (1,2, 8) - 11133130 (10, 21, 2) - 1433131
(10, 5, 9) - Apr. 24 (8, 5, 38) - Mai. 18 (9, 37, 3)
- Mai. 3004, 20, 2) - Iul. 16 (8, 5, 39) - 131. 23
(8, 5, 40) - Aug. 23 (9, 27, 4) - 33329 (10,19, 10)

 

