—cxcvm-

mm 3331133313311)

mom 333131.31(3,31,3
333 11313 (13 1, 133
331 Apr. 33 (3, 3, 3) - 33313 (3333)

1333133133 ‚ 999 1311 99 (16,10,15)
31311133 401 9331110 (1, 15, 16)

Ἥξει 313133 mag. [ag. 313 w] 99593113. 95 (1, 15, 1)

Italiae ·
11113333 991 Apu (9,9,1)
es. 33331311). 11311133

mm 31333 991 1133115 (6, 95, 4)
ramma 965 Iul. 91 (11,1, 19)

3131333133 910 1131315 (9, 5, 91 - 11, 10, 9)
911 113115 (16, 9,94 m.)

13111333 914 131135 (19,1, 10)

1131333133 Ι
mxx 9651111119 (0311331191 [3313313199] - Dee„ 1
3133313333 ’ 880 11331 91 (9, 95, 4)
omum
mum 995 1311111991 [55]) - 131.11(19,1,1031333.)-
0311 (15,19,1 [ῇῖόυ - Dec. 95 (19,1,19)
(1113111501)
romeu
(1133333333 Ρ. 1,19,1. 9, 5, 49.
19, 1, 94. 16, 5, 10 Ι
1331111133 880 91134 (1,15,11)
33331333131133 999 1133. 90 (9, 5, 49)
(constantinianus 13313 eon· 333 131191 (13333) - 11333 (13313) -1313 33
3131111113 1,18,1) (16, 5, 10) - 13119 (1,19,1)

mma 3333333333)

emon 333133333311 ..
3333131333 999 131199 (16,10, 15)

melun
mmm 3331333113, 3133

muz· 113333 333. 1, 13 3. 3131.
333. 3333. 11, 333. 131,
133. 13333

31113333 919 113315 (10,4, 1)
33333133 969 9311199 (11,90,99)
mmm 969 Febr. 91 (9, 5, 8)

unm 961 111196 (1, 6, 9)
965 1111. 99 (10, 4, 9) - [964] 0316 (*19, 1, 69)

mm 961 Apr. 91 (1, 199 - 1, 19, 4)
333333 919 Febr. 99 (19,1,11)

 

