—cnxvn-

Pssamcwl PRAETORIO 13111111(11111110111111013).
‘cmm (im procons. 31151333) 938 Iun. 13 (10, 10, 4)

‘nomn 33533353 (immo p‘u)
{mmm

omnum

mcmvs

mmvs
’5535353533 (imo eom. r. pr.)

amm

17301Πῦ

vozvsum

339 13538 (13,7,37 nom.)

339 11351. 1135. (6, 4, 3) - Iun. 38 (6, 4, 4)

340 1135. 33 (11,13,1 nom.) - lun. 38 (6, 33, 3)
341 133. 34 (8,3,1 - 13,1,31)

344 Mai. 38 (13,1,37)

319 Febr. 13 (3,31, 6) - 11351. 38 (9, 17, 3)

349 113518 (3,1,1 - 11,7, 6)

343 nee. 33 (lust 3, 333)
353 Febr. 35 auat 5, 33, 5)
353 [353] 33333331)

353 Aug. ιι mon: 35353 33)
354 8331. 33 (lust 3, 19, 11)

355 133.1(11,34,3) - 1315.18(1331.6,33,6[331’35.))
ἦ ξ316351.2.;10(3,13,3) - 131. 39130 (11,31,36 -

355 131. 33 (6, 33, 1) - 131. 35 (11, 3335 -11,36,11)

*355 [353] neo. 1 (13131)
353 [353 13131 (3, 1, 1ο)

355 Δ35.6 (7,4,351355.)-131. 17 (13,1,49 -13118
(1, 5, 5) - 131. 35 (3, 1, 3) - Aug. 1 (13, 13, 1) -
8331. 3 (11, 7, 8)

356 1315 (1,3, 7) - 11333 (13,1,1)

357 3331 (11, 16, 8) -· Apr. 17 (6, 39,3 m.) -
1131. 6 (8,1,5) - 133 34 (8, 5, 8) - 833134
(3, 1, 3) - 11336 (8, 5, 9) - 113318 (7, 4,3 nom.)

358 1334 (9, 43,4 m.) - 113313 (1331 3, 36, 8) -
Mam 13 (10, 30, 3) - 1131. 33 (8, 4, 6) - Mai. 37
(8,7,7) - 1315 (9, 16, 6)

359 Febr. 33 (11,16, 3) - Iun. 18 (11,30,38 nont.)

360 Iun. 30 (16, 3, 15) - Iul. 10 (13,1,3)

361 Aug. 39 (8,4,7 - 13,1,49)

363 Febr. 33 (8,5,13) - 1336 (1,15,1) - 13330
(8,5,13) - 8331. 9 (8,5, 14)

3631313336 (3, 13, 3) - 11351. 33 (11, 30, 31) -
335. 33 (13, 7, 3) - Nov. 31 (mas nom.) —
Nov. 35 (8316) - Nov. 37 (8, 1, 8)

364 lan. 11 (13, 3, 6) - Δ35. 33 (10, 7, 3) - 343336

(11,30,3) - 1131. 7 (13, 1, 57) - Mai. 13 (8,4,8
- 8,5, 18 - 13, 1, 58) - 1131. 36 (5,15,14) -
1131. 30 (13, 13,11) - 131. 39 (5,15,15) - Aug. 38
(13, 13, 3) - 83317 (13, 13, 4) - 8331. 30 (9, 30, 1)
- Oet. 15 (11,31, 1) - Oct 37 (5, 15, 17) -
Oet„ 31 (6, 37, 1) - 11339 (14, 17, 3) - 113319
(7,4,11) - 113333 (5,13,3)

Praefecti
35333513
ltaliae

 

