[Q

⁸³.OEOE .-

Pnooonsvnm.

mmmm ammomum 333 3111133 (11,3,1)

mum
mmm 319 Apr. ll (1333)

1111133111 433Ιωῖ901338)

Ἥ. 311[313[ 31133 (1131) - 11111 (1113 -
11,1,1)-1111.3(1131- 11111)
&125181150112338 (9, 331) - *pr-²⁶ (11118) -

, 3133311133(3133,43,1.11,3),3.11, 815Au3.28(11,80,3)

30, 6) mmm 316 Aug. 13 (11, 303 113111. - 11, 306 m)
*³21 3311321 (3, 421 113113)

1111111(1113,13,3;111111111111 131111113 (31311111 - 1131311111 - 11,
1111111113113111111113) 3111111)
1111111111 1111131113 (11311)
⁸1⁶ Ant-⁹⁰ (3139)
311 31111 (3111)
313 1111.3(1111111,1)
313 31131 (11.11, 1)
333111131111113)

311313] 111. 31 (3313)

31331131(1111113,31111)-11111[11,31)-
033.13(1,13,1-4,16,1111111.)

3311113 (1313)

31 1111 (3, 31, 3)
313 1111. 33 (11, 33, 31)

’311 [3131) 11111 (11,1,1 m>
311 [3331)11111 (1131 11)
311 [3133] 11113 (1, 131)

³⁶⁴ [8601] Aue-³ (3111)
313 11133 (1131, 13)

3. .. (311) 11113 (11, 1,1)
313 31131 (1113)
311 1113 (11, 31, 11)

311 111111 (13113)

31111131 (1111111)
311 1113 [3, 13, 3)

330 331133 (13133) - 3111110133) - 39133
[1313)-1113313133 [[ῖιῐῙ) - Dal

(1413113)
....(111111,11,3)

¹) 1111111 moulan 3113331131133111311111131313131 emenda 13, quem 111ιί3311331 componit
Δ. 01. Pulla 33 Imm fama (111 prom Atrum 3313 (1331) p. 1-151. un 33111131 do
reliqui! mbfflbun Affimnil 1101111111ίὶ1 in Monimo.

 

