-cc-

3333333333 praesum

mmm

uomom
dux 66 praenes 33336333336

33633333 6633313363 363336

3366333 corrector 33363333
3333333333

3333333336
consularis 63333336
63333333 ’

mnu: 6633313316 3363333333

mm: 3336663 3333636333 3. 3.

3363633333633 prum mmm

33333633 prm 36333333 mmm

6636313313 omma

333363333 consularis 3633333336
3363633333

[6333336333 6366666 33333336

63336333 praeses novom
33333336

336333 praem 63333333
mm 36333 prum 3633336

mmm
nemim nm:

919 333. 33 (3363)

363 [336] 3336 (33, 3, 3)
333 (336] Aug. 19 (9, 3, 33)
333 333 33 (3, 33, 3)

668 [999] 11669 (6669)

363 133317 (6, 3,6)

333 633 36 (33,],63 - 36636, 3, 3)
366 3333 33 (33, 3, 66)

366 363, 11 (336)

336 3333 (33 3,(3)

363 33333 (3, 3, 6)

3633336333333633333-333363

366 636 36 (3, 36, 3)
333 3636 (33, 3, 33)

333 363 33 (333, 3)
333 113. 33 (3, 33, 3)

336 363. 33 (33363)
666 1166 99 (13661,66,1)

6061326(133667,16,41 63 3633363οηὶ336]
333 3333 (333633)

363 366 33 (333, 3)

333 36636 (3, 333)

3333 3633 3363 3333 333. 33 (6, 33, 3)
333 (366] 333. 36 (33, 36, 1)
333 333 3 (36333)

pm mmmm 319111.1(11‚9,1)

6633313316 ..........

33633 33 3333333333
prm 33333333 m.

mu: consuluit 333333333333
3363363333 6633313313 mn
[vicatim]
33333333 6633313313 3333333336
333633
3333333333

mmm: 6633313363 33633333
33666333166 313163.οΧοΠ

3333363336 malui· 3333333336

33336333 63633333
6633316316 3633333336

mmmmm: 66366663 mamm

3336333633 prm 3336333333
consularis 33333336
33633336

mm
mYffl nomm:

3336663 ........

(333 . . . . (333 6. 33)]

633 3633 (33, 363)
333 636 36 (36, 36, 33)
(366 333. 33 (6333333 9, 3)(

636 33336 (36, 3, 3)
363 (333] 3663 (3, 3333
333 3633 (33, 3, 33)

manum (12159)
wlmssssfflss)

363 33333 (33.3)
336 3333 (3, 3, 33)

333 Im. 33 (333. 3, 63, 3)

363 63666 (33, 363)

333 363 36 (33, 19)

336 363. 33 (3336 = 33, 363)

666 1111.oe (11, 29, 9)

 

