-· CLXXXIII -

flmm

BNV!
mmm

ΒΥΙΙΔΟΙΠΒ

suumve

mmm

mum
add. Romae 11, 30, 49. 12, 16, 1.

14, 4, 5. 15,1,21. 15, 2, 5. 11111.
6,1,8

ΔΠΡΠΒ
mum

Amoncuvs

mvn
mum
mma

nonomuvs

mmm

mmvs

111 1111111(11,11,1)-111ι (111 - 1111) -
111120 (11111) - 1111 (111)

111 11111 (111)
111 111111 (111)

111 111. 11 (1111- 111111)
11111111 (111)

11111111 (1111- 11111)

Μωω111
111 111. 11 (111, 19) - 91919 (1 11, 1)

3891111117 (16,5, 18) - 111. 25 (1130, 49 - lust.
6, 1, 8) - Aug. 9 (2, 8, 19) - 9151ss (9, 16,11 -
12,16, 1) - Aug. 18 (14, 4, 5) - 11125 (114, 6)
- Aug. 28 (15, 2, 5)

390 11111. 6 (9, 10, 4) - 11514 (15,1,21)

111 111111 (1111, ιο (111))
111 111. 11 (1111)
111 11111 (1111)

395 1))1.21(15,14,9) - Mai. 18 (15,14, 11) - 111125
(11, 30, 54) - 111114 (112, 3) - 11116 (2, 12, 6) -
11114 (8, 8, 1)

401 111125 (11, 28, 3)

395 Sept. 14 (6,2, 16) - 01111 (8, 18, 7)

396 Febr. 18 (8, 5, 55) - Αρ1.18(7,21,3) - 01121
(11, 14, 2)

397 Febr. 15 (14, 11) - Mart. 18 (14, 2, 3) - Dec. 21
(6,14,2 - 8,7,19-12,1,153 - 12,1, 154 -
12,1,155 - 12,1,156 - lust. 3, 23, l) - Dec. 26
(6, 2, 20)

(1111111112)

111 111111 (1111)
111 (111] 11111 (11111)

399 111116 (14, 10, 3)
400 1111. 24 (13, 5, 29) - 111115 (3, 31, 1) - Aug. 19
(11,30,61) - Nov.8 (15, 2, 9)

402 11116 (1,13,15)
409 1111115111)
408 111115 (14, 4, 8)

111 111111 (1111)
111 1111. 11 (11, 111)

412 Mart, 29 (14, 2, 4)

407 (412] 011115 (6, 26, 14)
412 009. 15 (6,18,1)
414 111127 (6,24,1)

111 Sept. 11 (11111)
111 111. 11 (1111)
111 111. 11 (11111) ’

 

