-cxcvl-

1111111111 agens 1111111 pmice» 341 ....(13,10,3)
torum praetorio

1111111311111111111111111101111111 33431111 (3, 3, 0)

vlcffln mononem.

, om nom 330 00131 (1,]3, 13)
11010111· non mima:
'lm 314 ms (3,1,1)
313 Febr. 3,(1111 3333 11011.)

1111111111(-1111 11111. 6, 1, 3) agenn 319 11111.19(9,1,3 11011)- 1131.14(111113, 131011)
viariam praefecturam (111 9, - 110133 (9, 31,1 [31])
94,9).·11’11101101031111111’11011011’0 mmmmm)

Wlm 3, 310 331 11013) (9313111111)

111111 (on. 11, 30, 9) sumn 31911111. 33,(11,30, 9) - 31111 (31331011.)

amma 919 313114 (3, 4,1 m) - 111133 (3,13,1)
1011111111 vide 11111 urbi

mmm 914 1111133 (9, 39, 1)
mmm 1. 1. 373 31113 (10, 19, 9)
mmm 1. 0. 331 111131 (9, 336)
mmm 334 11111133 (9, 337)
unumve 333 111113 (9, 36, 1)

11111111 (131111 vicem 1111111111 393 01133 (3,1,3110111
mm 1111110111 1111111011. X, 1393)

nmmum 404 3113 (11111. 1,31, 4)

4131041
mm 1111111] nat„ 11 (1111 mm.)

noum omn 1111111 11111)
31611111(1,33,1ἆ4001.011)

1111111 (uic 3,19,1) 11111111 313 1101. 19 (9,13,1)
3191111113 (33111011.) - Mart. 39 (9, 34, 1) -
1111. 13 (3,19, 1 11011.)

11011111 [1111110100] (on. 11, 334 333 lul. 31 (1313110111) - Nov.l (13,1,36) -
13,1,36. 13, 1, 3. 1111110431) 1101. 3111111. 13 (6, 33,3 = 13,1,34)
01111111110113333) 33931139 (1133411011)

(11111.10,43,1111“011.011.)

mouns 340 3119 (36.3 - 10, 13, 3)
monna v. 1. 344 1111133 (3, 10, 3)
mmmm 343 111113 (1,13,3)

nummu 111111111111111)-111111111,11)-111111
(11.1,111- Iul. 14 (1, 111)

mm 111111110111 (1111-11,11,1-11,11-
11111111)

 

