- CLXIX -

31111113 (vide ad 6, 6,1) 389 11119 (7, 18, 6) - 11313 (8, 4, 13)

11111113 389 Apr. 13 (111113) - 033. 9 (11, 1115) -
Dec. 15 (6, 96, 3)

383 131110 (1113)-13118 (19,199)-Δ)11.19

(191100) -131.99(19,6,173331.) — 11319

(3, 1, 4) - Mai. 21 (16, 7, 3) - 1131. 98 (9, 19, 5)

333 111311 (11111) - 11111 (131, 13)
333 11111 (11131)
334 31113 (3313)

11111313 384 1131113 (13119)

131311111113 384 1131. 91 (6, 5, 9) ·- Sep1.3 (1331. 1515)
0101191671· praef. praet. Il
1131133 31 Illyrici

1131111113 384 131131 (8, 5, 43)
385 Febr. 25 (9, 318) - 111114 (111116) - 113130
(116) -- 11314 (11, 22, 9) - 1131.98(19,1,110)
- Iun. 12 (8, 4, 15) - Iul. 10 (7, 9, 9) - 111196

1311311113 ’384 Febr. 13 (lust. 1, 48, 9)
385 Iun. 1 (9, 40, 14) - Aug. 31 (6,30,10) - Sept. 18
(11113) - 1111111313 = ιι, 113) -
Sept. 96 (10, 90, 19) —- 1131.4(13,1 14) - 11315
(19,19,10) - 03310 (8,7,17) - 113311 (11,
386 Apr. 90 (13, 5, 11) - 1131. 3 (9, 8, 18 = 8, 8,3=

11, 7, 13)
’11311113 385 Sept. 14 (1113111611)

1113131113 386 131193 (10, 14 -- 16,4, 1) - Febr. 15 (19, 19, 11)
- 1111.14(8,7, 18) - Iul. 99 (139, 5) - 113118
(11, 37, 1) - 11333 (8, 8, 4) - Dec. 95(19, 1114)
387 Ian. 95 (199, 6) - Febr. 96 (15, 3, 3) - 113116
(6, 914) - Apr. 14 (1199, 3) - Mai. 19 (11, 30, 48)
(13311911)

1311111113 *385 111397 (1113119110)
Illyrici 31 Italiae 111911. 98 390 131116 (11196) - Apr.4 (15, 198) - Dec. 93
Illyrici 1311. 1, 40, 9 (11131. 1, 40, 9)

1111111113 389 (390] Aug. 18 (9, 40, 13)
lllyrici 31 1131133116. 0, 40, 13; 383 [391] Febr. 97 (7,18,8 - 9, 99, 9)
11111133 lllyrici ι,1,1, os. 3911111. ιι (1131111 = 1114 - 1111) -
0. 1. L. 711761· praef. praet. 1131. 97 (119 - 116)
113113311111131 3111111333 iterum 399 111118 (10, 10, 90)

*1111113 (immo (ᾖ) 391 1311194 (16,10,10)
*1111113113 3951409 . . . . (11131161, 11)

’ num 39511311. 18 (3, 3, 13) - 1111111 (11131) -

1111131111) - 1111113111) - 111113
(11111) - 1111131113) - Nom (1111)

331 11111 (11, 11, 11) -De0.19 (1,15,14)
313 111313 (13, 113) - 1111.9(14,3,19) - 31113
(11113)
L

 

