- ccvl -··
1011111111 383 Iul. 21 (lust. 10, 33, 1)

nmmum uomxvs 326 1111118 (3, 13, 3)
1111111111 · 363 110131 (1, 22,3: ῇῑοῗ)

memma 340 Apr. 39 (11,13,1; p‘15‘0'1)
383 41114 (9, 37, 5)
410 001. 14 (16,11,3; tribunus et 1101011011)

1111111111 314 lan. 19 (111111. 7, 33, 10)

1111111111 3131337 ..... . (5, 30, l: 11-119)
319 Febr. 1 (9,16,1; 1163)
33011 110017 (16, 10, 1: 11119)
331 11111.13(3,18,1 - 11,30,11; 1133)
333 Mart. 35 (lust. 3, 11, 51 11113)
335 Iul. 11 (13,1,10; vio. Or.‘?)
338 Dec. 33 (1‚16‚4: {sp-effi
371 Aug. 7 (11111.6,33,7; p'p'02)

1111111111 331 411111 (15,1,3) - 1111.13(4,13,3) - Aug.l
111 11113111 111)
336 Iun. 22 (8, 5, 4)
364 Mart. 14 (8, 5, 17)

1111. 1111111111 346 Aug. 37 (11, 39, 4)
noum ‘ 311 1111137 (11111111 pp-ov)

1111011111 eomes 340 Aug. 12 (13, 1, 30: com. s. l.?)

1101111111 3791983 .... (lust. 12,117‚2: 11113)
380 301118 (7,33,11; ῇῐοῗ)

0011111111 319 Febr. 16 (7,33,1; corr. Lucaniae et 313)
0111111111 361 1111911111 - 3, 30, 1; 1303)

01111111 3131331 . . . . (1013137, 1)
3371361 . . . . (1111. 13, 1, 6)
354 Sept. 22 (9,35,1) 1163
356 ....(9, 17, 3)
357 lul. 15 (3,18,1)

011101 1. 0. 3481111117 (10,14,3; com. r. p.?)
1101111111 335 Apr. 17 (8, 9, 1; ῇῇοἳ)

1111111111 395 110035 (3, 1, 8: 1100111113)
1101111111 1111111111 339 01111 (13,1,17)

1111111111 393 Mart„ 16 (10,19,14)

1111100111 319 lul. l (12, 1, 6)

1111101111 patricius 3653 3633 3703 3733 1111113 (7, 33, 7)
1011111111 400 Dec. 31 (13, 6, 37ι procons. 1111)
10110111111 360 Dec. 18 (3, 31, 3)

10011111111 384 11018 (13,1,13ε 1501)

1111011111 1101111111 316 111513 (1130, 5 , 113016)
111 1111. 11 (111, 1) mmm-1

 

