- 0101-

1111111 (01.) 4011111,Ιο (04017 == 101000)

11111111 (01.) 40111110( (1006)
400 111110 (00010) .
(1111004010)

mum [11111111] (011) 405 Oet„ 0(Ι (10ῒῆ 1111,1 017)ὲῦ 400 [405] 1111. 10 (11, 001)

1111111111 (011.) 4oe 1111.οθ (1, 16, 01)
omma 4101400....(5,1000)
umam (011) 410 011110 (01000)
1111111111 410 11111. 1 (105, 50)

mmmm.) 111 11111111. 11111)
1111111 (11 11, 11)
111 1111. 11 (111, 1)

1111111 415 111106 (101006)

111111(01.) 416 1111100 (00001)

1111111111 (01.) 40) 011. 00 (10, 1,17)

1111111111 (011.) 400 0101.0)(11,00,10)

11111111(011) 400 Aug. 0 (101001)

1111111111 (011.) 400 111119 (11, 00, 4)

11111111 (01.) 405 111111 (10, 10, 00) - Dec. 10 (5, 16, 04)
’111111 (011). Of. ι). CLXXII 405 Am (16, 0, 41 - 16, 5, 64)

1111111101.) 11111111101111)
monum (Or.) 405 0110 (1005)
mmm 4041401 (5, 16, 05 - 11111. 11, 11, 1) ,

coms DOMESTIOORVM.
1111111 004 111010 (6, 000 - 0 04, 0)
1111111 000 (000] 01101 (6, 04, 5)
potius 11111. 11 mag. mil.
111111 006 Mart 00 (101, 15)
comes 0111111110]

mm 11111111 (11111)

1111111111 414 111100 (15, 11, 1)
1111111 agens mag. mil.

OASTRENSES SACRI PALATII.

1111111111 015 1111101 (10101)
Ι . ΡΜ
mvn 000 111115 (6, 00, 10)
eomes 11 castrensis

111111 416 01010 (6, 00, 1)
1. sp. 1111111 et 111111. s. p.

mm· 400 Ι11110 (0000)
1. sp. 11111. et eutr. 1. p.

 

