- 010111 -

111 septe (13 31)
111 1143. 13 (31, 111
311 1411. 13 (13, 3, 1)

413 13313 (11, 1, 13

314111 13 (3313 433)
111 (114] 31111 (4131)

314 lun. 13 (1334 [vicarium
313 4333 (13313 m.) -, 1133 (1331)

313 14111 13 (11, 33)
311 1113 (3331)
....... (11313131)

31311113 (131313 -133314 -1313,111-
413 33 (11, 3ο, 31)

311 Aug. 13 (131, 3)
131 1331. 13 (11, 1, 33) - 11313 (1, 31)
333 33111 (133131

13313114 (3, 1, 4)

333 3311 (1, 134)

396 144116 (141464 - 144141 - 144141 -
144141ε144144- 11,4146)-Ι133.11
(1441444344.) - 01316(11,4149 443444. ·-
14415 443144) -

096 [894] 1311314 (11, 146 413444.)

191 14111 (1111144411)

131 114311 (1333)

133 1141113 (3, 331) - 111111 (1, 11, 3)

49941310431031 - 131313 - 131311--
1134. 10 (13313 443411)
433 111114 (1331)

40014111 (4141) - 111131 (11,10,60)- 111118
(1, 47) - 1111315 (14400) - 11111.10(11,1,166

-13313- 14331 (3133- 3131-
13313 - 11, 311 m.)

431 1431. 11 (11, 131) - 1331. 13 (11, 313 -
unt„ 133331) - 111114 (13333) -

433 131313 (13313) -1143 13 (3334 -13,313)

43111433(1311,1)-111.11(133ο,31)-1333
(13313 m.)

400 1131. 16 (141, 36 - 16, 441)

4oe 113411 (44419) - 1131. 14 (16, 444 m)
410 111116 (14146)

410 83111416 (4141)

4111311133133 - 3313 - 13311 - 11,
313-13313- 13311433-11, 311433)
. - 144313 (133114) - 4333 (31341

 

