—001-

mu 551111 (5111. 8, 4,11);
consularis mnoom 344 11559 (11,36, 7)
348 1411134 (10, 1, 6)
1111555111 347 111158 (11,36, 8)
1111111 3653 3683 3703 0553 (8,4, 11)

11111551111111 praeses 11111111111 . 31611116 (3,6,1)

mmmm: praeses 5111511 366 . (11111. 11,48,5)

dux et corrector limi-
tis Tr. 11111111 393 5151537 (13,1,133)

praeses 1511115111 399 Iun. 13 (11,30, 59)

OOMITES. ᾳ

com 1151111 1151111111 391 111516 (16,10, 11)
11115111111 395 115131) (11, 34, 3)
1111555111 435 151139 (6, 38, 8)

eoum 1111511(551.7,1,4. 11111111(1513,1,15) 1111· 336 151. 30 (13, 5, 1)
13, 1,15) 11111111 337 Apr. 31 (13, 1, 15)
c. per Africam 13, 5,] camo v. c. 350 1111137(7,1,4;11.1411111115115131,7,4)
1151111111 373 155. 39 (8, 7, 13)
11111111111 401 111113 (94318)
nmcmnvs 410(5 1411335 (16, 5, 51 -· 16, 5, 56)

551111 5151511151 1111· 111111111111 1. P. 330 Febr. 33 (3, 36, 1)
1111

eom 111111111111 5111111111 316 111114 (9,1,1)
317 Ian. 19 (13, 1, 4)
1111111111 333 Aug. 18 (lust. 6, 1, 6)
11111111 333 Mau (8,13,5 - 11, 39, 3)
334 Mart. 30 (8, 18, 3)
336 Mai. 19 (1358115111.)

551111 1111551111 1515111 337 Febr. 37 (11.3, 3)

5511151111111 vide p. CXCIV.

51551. ) „m )

5111 1111111111 366 1111114 (5, 7, 1)

511 1151111 111151 364 111138 (13, 13, 5)
1115111511 384 Oet. 30 (11,30, 43)

511 1111111111 1111111111 396 Febr. 18 (7,1,15)
397 Febr. 34 (8, 5, 57)

5111 515111 1111111111 1111511511 364 1111119 (15,1,13)

5111 rr 11111111 11111111 111115111111 *383 1111113 (9, 37, 3)
511 111111 1111111111 417 Oct. 34 (8,1, 16)

511 mmmm 1111111 3131337 Febr. 34 (1515 4, 43, 1)
1111511111 349 91513 (7, 336 - 8, 4, 4)
51115111511 3871393 .. . . (lust. 4, 40, 3)

511 5115111111 1111115111 383 Ν51. 30 (16, 10, 8)
511 rr 1111111 1111511111 111115111111 383 111513 (9, 37, 3)
1111111 1511111111 51551111 387 111514 (13, 13, 6)
511115511111511511111111151111111 1111111111 3931411537 (13,1,133)
cons rr 511 (Tripolitanae) 1111151111 406 Dec. 7 (11, 36, 33)
31111551. 1

 

