— CLXXXI —·

396 111130(1,99,911111.) - Aug.3 (10, 8, 3) - 011. 93
(4, 99,1 nom.)

11111111(111 11,30,18) 11111111 *390 Marti) (6, 4, 1)
396 Nov. 13 -399 811116 396 111113 (11, 30, 13)
391 111116 (6, 1, 9) - 111119 (9, 1, 9)
339 lun. 19 (11,80,18)

norme 1111111111 339 1111111111. (6, 4,3 [1151) - 1111198 (6, 4, 4 (ῂῇὸθ
338 Ian. 13—339 Iul. 14

1111111111 340 1111195 (9, 11, 1)
339 011. 95-341 1111194

emma 341 01194 (8, 19,6 nom.)
341 Febr. 95- 349 Mart. 1

’1111111111 343 11114 (15,8, 1)

omnum 346 [349] Ν ov. 1 (16, 10, 3)
349 11110-344 1111110

11111111 345 11119 (11,30, 93)
344 111111- 345 11114

emus 3531111.93(11,36,9) - 111193 (16, 10, 5)
359 111111-111 0111 354 811116 (9, 38, 9)

11111111 353 Mart. 14 (111, 1)
353 11118 354 8111199 (9, 9111111111.)
Os. 0. I. L. VI, 1739-1742: praes. 355 Mart. 98 (8, 13, 3) - 1411194 (8, 19, 1) - 11116
urbi 11 iterum praef. urbi (14, 3, 9)
356.... (9113111111.)

&mmmmm-mwffimmm-
&mmmmm

mmfflffimo

ffimmffifflm

.mmfflmmm-Qmm

’11111111 353 Aug. 13 (1,90, 1)

11.. (sie 14, 4, 3) 1111111111 363 11119 (1113111111.)
364 111118 (11111 1, 40, 5)

1111111111 364 11111199 (1,4,10) - Mai. 95 (15,1,11) - 111111
ex Oriente 14, 10. 8,5,19. 15,1,11 (14,9, 1) - 111118 (1,6,9-9,40,5-11,1,8-
14,3,3-14,3,4-11,3,5-14,3,6- 1169
- 14,15,1 - 14,99,1 —- 15,1,19) - Iun. 93
(8,5,19) - 011. 8 (113616 - 14,91,1) - 11119
(11,30, 34)- Nov. 95 (9, 49, 6) -011,10(19,1,69)
365 1111111 (13, 5, 11 — 13, 6, 9) - Ian. 15 (9, 40,8 -
14, 3, 8) - Febr. 16 (11, 31, 9) - Μ111.9(1,6,4
- 10, 1,9) -· 11111119 (11,9,1) - Sept. 91 (14,
3, 11) - 011. 93 (11, 9, 9) - Νο1.11 (16,1,1) -
Dec. 90 (11, 36, 18)
(11111. 19, 1,9)

1111111111 364 11118 (11,14, 1)
p‘u 111αά111111ηά 1163111111111 365 Febr. 18 (8, 5, 99) - Iun. 98 (6,4,18 - 19,1,61)
- 111195 (1111113911) - 111115 (14,6, 3) -
’μῃωωω11ω-11Ὴ111-
Sept. 11 (1111111195)
368 11114 (1, 6, 5)

 

