Avmmuvs

5555555555
patricius 9, 34, 15. 12, 12, 14

5555551555 11
Orientis 6, 23,1

- CLXXVI -

397 Febr. 19 (13,2, 1) ·- Apr. 1 (16, 5, 33) - 85514
(6, 3,4 - 9, 14, 3) - 11558 (9, 6, 3) - Nov. 23
(2, 33, 3)

398 Febr. 3 (2,1,10) - 115514 (16, 5, 34) - 115517
(13,11,9) - Μ51.23(7,4,25)-151.3(15,1,38)-
151. 6 (1551. 11, 62, 9) - Iul. 27 (9,40, 16 -
9, 45,3- 1130, 57 - 16,2,33 - 1551. 1,4, 7) -
051. 25 (12,1,159) - 055. 6 (1, 2, 11) - 115513
(15, 1,40)

399 11551. 10 (11, 24, 4) - 1155114 (13,7,1) -155, 10
(lust. 11,62, 10) - Mai. 25 (1124, 5) - 151. 6
(16, 5, 36) - 151. 10 (16,10,16) - 151. 25 (9, 40,
18) - Dec. 11 (121, 163) - 05528 (12,1,164)
- 1155.30(12,1,165)

404 Febr. 3 (16,8, 15) - 151. 14 (15, 1, 42) - Nov. 18
(16, 4, 6)

405 lun,11 (1551. 5, 4, 19)

....(5,14,36)

*393 Febr. 27 (12,1,131) - 11551 10 (12,1, 132)

396 0516 (4,2,1 - 5,1,5)

399 lan. 17 (9,40,17) - Aug. 27 (2, 8, 23) - 0512
(15319)

405 151. 10 (7,10, 1) - Nov. 6 (10, 10, 24) - Nov. 13
(4, 6, 6) - Dec. 7 (1,5, 14) - 055. 19 (11, 30, 63)

406 1551 (7, 4, 27) - 1559 (7, 4, 28) - 155. 28
(9,34,10) - 0515 (12,1,167) - 051. 14 (1551.
2, 12, 26) - Nov. 27 (7, 11, 1) - Dec. l (10,25,1)

407 1155117 (8, 4, 20 - 8, 18, 8) - 11514 (7, 4, 29) -
1552 (8, 5, 66) - Nov. 23 (7, 10, 2)

408 155. 27 (9, 35, 7) - 115129 (16,8,18) -8551, 18
(121214) - Dec. 7 (11,7, 17)

109 155. 19 (13, 5, 32) - 155. 23 (13, 11, 12) - Febr. 25
(15, 9,,2) - Febr. 28 (1551. 1,3,16) - Mart. 23
(5, 6,2 - 7, 4, 30) - 115512 (5, 6, 3) - Mai. 18
(12, 1,168) - Mai. 19 (11, 22, 4) - 15119 (13,
5, 33 - 1551.1,45,2)- 151. 20 (12, 8, 1) - Aug. 8
(15, 5, 3) - Sept. 22 (7,3,2 - 9, 32, 1) - 8551. 27
(11,7, 18 - 12,1,169) - 115530 (7,4,31) -
Dec. 25 (12, 14, 1)

410 Febr. 21 (16, 5, 48) - 115511 (16, 5, 49) - 1554
(8, 4, 21) - 155. 24 (7, 16, 2) - 115155 (13, 1, 20)
- Aug. 26 (121173)

412 lan. 28 (1126, 1) - 115118 (10, 22, 6) - 051. 26
(15, 3, 5)

413 11551. 21 (16, 6, 6) - 11551. 29 (16, 6, 7) - 1554
(15,1,51) - 15515 (14,20,1) - 155. 27 (lust.
3, 13, 6) - 0518 (6, 2116)

«114 155. 9 (1128, 9) - 15518 (9, 40, 22)

415 Febr. 17 (8, 4, 26)

... . . . . (1551.4,61,10-· 1551.4,63,4-1551.11,64,3)

415 115515 (9212)- Μ551.23 (8, 12,11) - 115116
(3, 521) - 15111 (11,28‚10)-Aug.5(5‚12‚2)
aad. iterum 3, 12, 4. 7, 9, 4. 9, 28, 2. - Sept· 5 (7, 7, 4) - 051. 20 (16, 8, 22) - Oct. 31

 

